0.3454823889739663 1
0.5911179173047473 2
0.851761102603369 5
0.93843797856049 10
0.9485451761102603 20
0.9525267993874426 30
0.952833078101072 40
0.9491577335375191 45
0.9506891271056661 50
0.9525267993874426 60
0.9503828483920368 70
0.9516079632465544 80
0.951301684532925 90
0.9506891271056661 100
0.9393568147013782 500
0.9473200612557428 1000
0.9549770290964777 30
0.9047473200612557 30
0.9359877488514549 30
0.8309341500765697 30
0.9335375191424196 30
0.9497702909647779 30
0.9494640122511485 30
0.9396630934150076 30
0.9427258805513017 30
0.9408882082695252 30
0.9332312404287902 30
0.9488514548238898 30
